6 7
Изначальный массив: 
45 90 -79 -44 -12 98 -70 
29 -30 18 -63 16 -55 73 
-50 -66 57 7 15 -35 -57 
12 -43 60 -89 -62 -100 -42 
68 -59 -39 75 85 2 64 
43 -70 -18 84 36 31 64 

Пузырьковая сортировка: 
-79 90 -70 75 -12 98 45 
43 -63 60 -55 36 -30 73 
-57 -59 -50 7 15 2 57 
29 -100 18 -89 16 -43 64 
-39 -66 64 -44 68 -35 85 
12 -70 -18 31 -62 84 -42 

Сортировка методом отбора: 
-79 90 -70 75 -12 98 45 
43 -63 60 -55 36 -30 73 
-57 -59 -50 7 15 2 57 
29 -100 18 -89 16 -43 64 
-39 -66 64 -44 68 -35 85 
12 -70 -18 31 -62 84 -42 

Сортировка методом вставки: 
-79 90 -70 75 -12 98 45 
43 -63 60 -55 36 -30 73 
-57 -59 -50 7 15 2 57 
29 -100 18 -89 16 -43 64 
-39 -66 64 -44 68 -35 85 
12 -70 -18 31 -62 84 -42 

Сортировка методом Шелла: 
-79 90 -70 75 -12 98 45 
43 -63 60 -55 36 -30 73 
-57 -59 -50 7 15 2 57 
29 -100 18 -89 16 -43 64 
-39 -66 64 -44 68 -35 85 
12 -70 -18 31 -62 84 -42 

Быстрая сортировка: 
-79 90 -70 75 -12 98 45 
43 -63 60 -55 36 -30 73 
-57 -59 -50 7 15 2 57 
29 -100 18 -89 16 -43 64 
-39 -66 64 -44 68 -35 85 
12 -70 -18 31 -62 84 -42 

Пузырьковая сортировка: 
(Сравнений: 48, Перестановок: 27)

Сортировка методом отбора: 
(Сравнений: 48, Перестановок: 21)

Сортировка методом вставки: 
(Сравнений: 56, Перестановок: 29)

Сортировка методом Шелла: 
(Сравнений: 60, Перестановок: 60)

Быстрая сортировка: 
(Сравнений: 80, Перестановок: 28)
